b{1 xy(3064 10755 3064 8619 3564 8619 3564 10755)}
b{1 xy(3738 10755 3738 8619 4238 8619 4238 10755)}
b{1 xy(9951 11043 9951 8907 10451 8907 10451 11043)}
b{1 xy(10555 10491 10555 8355 11055 8355 11055 10491)}
b{1 xy(527 7851 527 5715 1027 5715 1027 7851)}
b{1 xy(527 10131 527 7995 1027 7995 1027 10131)}
b{1 xy(5244 6639 5244 5595 5520 5595 5520 6639)}
b{1 xy(4927 7731 4927 5595 5091 5595 5091 7731)}
b{1 xy(4688 7731 4688 5595 4852 5595 4852 7731)}
b{1 xy(9970 8235 9970 6099 10470 6099 10470 8235)}
b{1 xy(10570 8235 10570 6099 11070 6099 11070 8235)}
b{1 xy(4581 10731 4581 7875 5787 7875 5787 10731)}
b{1 xy(5931 10731 5931 7875 7137 7875 7137 10731)}
b{1 xy(7261 10731 7261 7875 8467 7875 8467 10731)}
b{1 xy(8631 10731 8631 7875 9837 7875 9837 10731)}
b{1 xy(3541 4527 3541 3483 3621 3483 3621 4527)}
b{1 xy(1131 7911 1131 5715 1407 5715 1407 7911)}
b{1 xy(1521 7683 1521 5715 1629 5715 1629 7683)}
b{1 xy(5810 5367 5810 3171 6086 3171 6086 5367)}
b{1 xy(5534 5139 5534 3171 5642 3171 5642 5139)}
b{1 xy(4091 7731 4091 5595 4255 5595 4255 7731)}
b{1 xy(4379 7731 4379 5595 4543 5595 4543 7731)}
b{1 xy(2704 10659 2704 9615 2980 9615 2980 10659)}
b{1 xy(1176 11067 1176 8211 1877 8211 1877 11067)}
b{1 xy(2000 10659 2000 9651 2572 9651 2572 10659)}
b{1 xy(1998 9651 1998 9447 2338 9447 2338 9651)}
b{1 xy(5611 7779 5611 6087 6127 6087 6127 7779)}
b{1 xy(6270 7587 6270 6543 6350 6543 6350 7587)}
b{1 xy(9552 454 9552 22 9624 22 9624 454)}
b{1 xy(10056 454 10056 22 10128 22 10128 454)}
b{1 xy(1987 454 1987 22 2059 22 2059 454)}
b{1 xy(1483 454 1483 22 1555 22 1555 454)}
b{1 xy(2131 454 2131 22 2203 22 2203 454)}
b{1 xy(1339 454 1339 22 1411 22 1411 454)}
b{1 xy(22 1483 22 1411 454 1411 454 1483)}
b{1 xy(22 2347 22 2275 454 2275 454 2347)}
b{1 xy(22 4363 22 4291 454 4291 454 4363)}
b{1 xy(22 2851 22 2779 454 2779 454 2851)}
b{1 xy(22 4291 22 4219 454 4219 454 4291)}
b{1 xy(2707 454 2707 22 2779 22 2779 454)}
b{1 xy(11157 8832 11157 8760 11589 8760 11589 8832)}
b{1 xy(11157 7320 11157 7248 11589 7248 11589 7320)}
b{1 xy(11157 6312 11157 6240 11589 6240 11589 6312)}
b{1 xy(11157 6816 11157 6744 11589 6744 11589 6816)}
b{1 xy(11157 5371 11157 5299 11589 5299 11589 5371)}
b{1 xy(11157 4867 11157 4795 11589 4795 11589 4867)}
b{1 xy(11157 4291 11157 4219 11589 4219 11589 4291)}
b{1 xy(11157 2851 11157 2779 11589 2779 11589 2851)}
b{1 xy(11157 4363 11157 4291 11589 4291 11589 4363)}
b{1 xy(11157 2347 11157 2275 11589 2275 11589 2347)}
b{1 xy(11157 1483 11157 1411 11589 1411 11589 1483)}
b{1 xy(10200 454 10200 22 10272 22 10272 454)}
b{1 xy(9408 454 9408 22 9480 22 9480 454)}
b{1 xy(7896 454 7896 22 7968 22 7968 454)}
b{1 xy(8832 454 8832 22 8904 22 8904 454)}
b{1 xy(11157 7392 11157 7320 11589 7320 11589 7392)}
b{1 xy(4939 454 4939 22 5011 22 5011 454)}
b{1 xy(22 7896 22 7824 454 7824 454 7896)}
b{1 xy(22 6888 22 6816 454 6816 454 6888)}
b{1 xy(22 7536 22 7464 454 7464 454 7536)}
b{1 xy(22 7608 22 7536 454 7536 454 7608)}
b{1 xy(22 7032 22 6960 454 6960 454 7032)}
b{1 xy(22 7104 22 7032 454 7032 454 7104)}
b{1 xy(22 8400 22 8328 454 8328 454 8400)}
b{1 xy(22 8472 22 8400 454 8400 454 8472)}
b{1 xy(22 6672 22 6600 454 6600 454 6672)}
b{1 xy(22 8616 22 8544 454 8544 454 8616)}
b{1 xy(22 8040 22 7968 454 7968 454 8040)}
b{1 xy(22 8112 22 8040 454 8040 454 8112)}
b{1 xy(22 9408 22 9336 454 9336 454 9408)}
b{1 xy(22 9480 22 9408 454 9408 454 9480)}
b{1 xy(22 8904 22 8832 454 8832 454 8904)}
b{1 xy(22 8976 22 8904 454 8904 454 8976)}
b{1 xy(22 7176 22 7104 454 7104 454 7176)}
b{1 xy(22 6744 22 6672 454 6672 454 6744)}
b{1 xy(22 9048 22 8976 454 8976 454 9048)}
b{1 xy(22 9120 22 9048 454 9048 454 9120)}
b{1 xy(22 8544 22 8472 454 8472 454 8544)}
b{1 xy(22 7752 22 7680 454 7680 454 7752)}
b{1 xy(22 7680 22 7608 454 7608 454 7680)}
b{1 xy(22 7248 22 7176 454 7176 454 7248)}
b{1 xy(22 9696 22 9624 454 9624 454 9696)}
b{1 xy(22 9264 22 9192 454 9192 454 9264)}
b{1 xy(22 9192 22 9120 454 9120 454 9192)}
b{1 xy(22 8760 22 8688 454 8688 454 8760)}
b{1 xy(22 8688 22 8616 454 8616 454 8688)}
b{1 xy(22 8256 22 8184 454 8184 454 8256)}
b{1 xy(22 8184 22 8112 454 8112 454 8184)}
b{1 xy(22 7968 22 7896 454 7896 454 7968)}
b{1 xy(11157 4147 11157 4075 11589 4075 11589 4147)}
b{1 xy(11157 4075 11157 4003 11589 4003 11589 4075)}
b{1 xy(11157 4651 11157 4579 11589 4579 11589 4651)}
b{1 xy(11157 4579 11157 4507 11589 4507 11589 4579)}
b{1 xy(11157 3283 11157 3211 11589 3211 11589 3283)}
b{1 xy(11157 3211 11157 3139 11589 3139 11589 3211)}
b{1 xy(11157 5011 11157 4939 11589 4939 11589 5011)}
b{1 xy(11157 3067 11157 2995 11589 2995 11589 3067)}
b{1 xy(11157 3643 11157 3571 11589 3571 11589 3643)}
b{1 xy(11157 3571 11157 3499 11589 3499 11589 3571)}
b{1 xy(11157 2275 11157 2203 11589 2203 11589 2275)}
b{1 xy(11157 2203 11157 2131 11589 2131 11589 2203)}
b{1 xy(11157 2779 11157 2707 11589 2707 11589 2779)}
b{1 xy(11157 2707 11157 2635 11589 2635 11589 2707)}
b{1 xy(11157 4507 11157 4435 11589 4435 11589 4507)}
b{1 xy(11157 4939 11157 4867 11589 4867 11589 4939)}
b{1 xy(11157 2635 11157 2563 11589 2563 11589 2635)}
b{1 xy(11157 2563 11157 2491 11589 2491 11589 2563)}
b{1 xy(11157 3139 11157 3067 11589 3067 11589 3139)}
b{1 xy(11157 1267 11157 1195 11589 1195 11589 1267)}
b{1 xy(11157 3931 11157 3859 11589 3859 11589 3931)}
b{1 xy(11157 4003 11157 3931 11589 3931 11589 4003)}
b{1 xy(11157 4435 11157 4363 11589 4363 11589 4435)}
b{1 xy(11157 1987 11157 1915 11589 1915 11589 1987)}
b{1 xy(11157 2419 11157 2347 11589 2347 11589 2419)}
b{1 xy(11157 2491 11157 2419 11589 2419 11589 2491)}
b{1 xy(11157 2923 11157 2851 11589 2851 11589 2923)}
b{1 xy(11157 2995 11157 2923 11589 2923 11589 2995)}
b{1 xy(11157 3427 11157 3355 11589 3355 11589 3427)}
b{1 xy(11157 3499 11157 3427 11589 3427 11589 3499)}
b{1 xy(11157 1915 11157 1843 11589 1843 11589 1915)}
b{1 xy(11157 4795 11157 4723 11589 4723 11589 4795)}
b{1 xy(6240 454 6240 22 6312 22 6312 454)}
b{1 xy(4867 454 4867 22 4939 22 4939 454)}
b{1 xy(3571 454 3571 22 3643 22 3643 454)}
b{1 xy(3499 454 3499 22 3571 22 3571 454)}
b{1 xy(2995 454 2995 22 3067 22 3067 454)}
b{1 xy(3139 454 3139 22 3211 22 3211 454)}
b{1 xy(3715 454 3715 22 3787 22 3787 454)}
b{1 xy(3931 454 3931 22 4003 22 4003 454)}
b{1 xy(2491 454 2491 22 2563 22 2563 454)}
b{1 xy(3067 454 3067 22 3139 22 3139 454)}
b{1 xy(3427 454 3427 22 3499 22 3499 454)}
b{1 xy(2563 454 2563 22 2635 22 2635 454)}
b{1 xy(2635 454 2635 22 2707 22 2707 454)}
b{1 xy(3211 454 3211 22 3283 22 3283 454)}
b{1 xy(2923 454 2923 22 2995 22 2995 454)}
b{1 xy(3859 454 3859 22 3931 22 3931 454)}
b{1 xy(2419 454 2419 22 2491 22 2491 454)}
b{1 xy(1195 454 1195 22 1267 22 1267 454)}
b{1 xy(1843 454 1843 22 1915 22 1915 454)}
b{1 xy(1267 454 1267 22 1339 22 1339 454)}
b{1 xy(3355 454 3355 22 3427 22 3427 454)}
b{1 xy(22 979 22 907 454 907 454 979)}
b{1 xy(2851 454 2851 22 2923 22 2923 454)}
b{1 xy(907 454 907 22 979 22 979 454)}
b{1 xy(2347 454 2347 22 2419 22 2419 454)}
b{1 xy(22 1339 22 1267 454 1267 454 1339)}
b{1 xy(979 454 979 22 1051 22 1051 454)}
b{1 xy(835 454 835 22 907 22 907 454)}
b{1 xy(22 1051 22 979 454 979 454 1051)}
b{1 xy(763 454 763 22 835 22 835 454)}
b{1 xy(22 835 22 763 454 763 454 835)}
b{1 xy(22 907 22 835 454 835 454 907)}
b{1 xy(3643 454 3643 22 3715 22 3715 454)}
b{1 xy(22 3499 22 3427 454 3427 454 3499)}
b{1 xy(22 3427 22 3355 454 3355 454 3427)}
b{1 xy(22 2995 22 2923 454 2923 454 2995)}
b{1 xy(22 2923 22 2851 454 2851 454 2923)}
b{1 xy(22 2491 22 2419 454 2419 454 2491)}
b{1 xy(22 2419 22 2347 454 2347 454 2419)}
b{1 xy(22 1987 22 1915 454 1915 454 1987)}
b{1 xy(22 4435 22 4363 454 4363 454 4435)}
b{1 xy(22 4003 22 3931 454 3931 454 4003)}
b{1 xy(22 1267 22 1195 454 1195 454 1267)}
b{1 xy(22 2563 22 2491 454 2491 454 2563)}
b{1 xy(22 2635 22 2563 454 2563 454 2635)}
b{1 xy(22 4939 22 4867 454 4867 454 4939)}
b{1 xy(22 4507 22 4435 454 4435 454 4507)}
b{1 xy(22 2707 22 2635 454 2635 454 2707)}
b{1 xy(22 2203 22 2131 454 2131 454 2203)}
b{1 xy(22 5011 22 4939 454 4939 454 5011)}
b{1 xy(22 5155 22 5083 454 5083 454 5155)}
b{1 xy(22 4579 22 4507 454 4507 454 4579)}
b{1 xy(22 4651 22 4579 454 4579 454 4651)}
b{1 xy(22 4075 22 4003 454 4003 454 4075)}
b{1 xy(22 4147 22 4075 454 4075 454 4147)}
b{1 xy(22 4795 22 4723 454 4723 454 4795)}
b{1 xy(22 4219 22 4147 454 4147 454 4219)}
b{1 xy(22 5587 22 5515 454 5515 454 5587)}
b{1 xy(22 5083 22 5011 454 5011 454 5083)}
b{1 xy(22 5659 22 5587 454 5587 454 5659)}
b{1 xy(22 5731 22 5659 454 5659 454 5731)}
b{1 xy(22 4723 22 4651 454 4651 454 4723)}
b{1 xy(22 5227 22 5155 454 5155 454 5227)}
b{1 xy(22 6456 22 6384 454 6384 454 6456)}
b{1 xy(22 1915 22 1843 454 1843 454 1915)}
b{1 xy(11157 8256 11157 8184 11589 8184 11589 8256)}
b{1 xy(11157 8688 11157 8616 11589 8616 11589 8688)}
b{1 xy(11157 8760 11157 8688 11589 8688 11589 8760)}
b{1 xy(11157 9192 11157 9120 11589 9120 11589 9192)}
b{1 xy(11157 9264 11157 9192 11589 9192 11589 9264)}
b{1 xy(11157 9696 11157 9624 11589 9624 11589 9696)}
b{1 xy(11157 7248 11157 7176 11589 7176 11589 7248)}
b{1 xy(11157 7680 11157 7608 11589 7608 11589 7680)}
b{1 xy(11157 9120 11157 9048 11589 9048 11589 9120)}
b{1 xy(11157 9048 11157 8976 11589 8976 11589 9048)}
b{1 xy(11157 6744 11157 6672 11589 6672 11589 6744)}
b{1 xy(11157 7176 11157 7104 11589 7104 11589 7176)}
b{1 xy(11157 8976 11157 8904 11589 8904 11589 8976)}
b{1 xy(11157 9480 11157 9408 11589 9408 11589 9480)}
b{1 xy(11157 9408 11157 9336 11589 9336 11589 9408)}
b{1 xy(11157 6528 11157 6456 11589 6456 11589 6528)}
b{1 xy(11157 7104 11157 7032 11589 7032 11589 7104)}
b{1 xy(11157 7032 11157 6960 11589 6960 11589 7032)}
b{1 xy(11157 7608 11157 7536 11589 7536 11589 7608)}
b{1 xy(11157 7536 11157 7464 11589 7464 11589 7536)}
b{1 xy(11157 6888 11157 6816 11589 6816 11589 6888)}
b{1 xy(11157 7464 11157 7392 11589 7392 11589 7464)}
b{1 xy(11157 6096 11157 6024 11589 6024 11589 6096)}
b{1 xy(11157 6600 11157 6528 11589 6528 11589 6600)}
b{1 xy(11157 6024 11157 5952 11589 5952 11589 6024)}
b{1 xy(11157 5952 11157 5880 11589 5880 11589 5952)}
b{1 xy(11157 6960 11157 6888 11589 6888 11589 6960)}
b{1 xy(11157 6456 11157 6384 11589 6384 11589 6456)}
b{1 xy(11157 5227 11157 5155 11589 5155 11589 5227)}
b{1 xy(11157 4723 11157 4651 11589 4651 11589 4723)}
b{1 xy(11157 4219 11157 4147 11589 4147 11589 4219)}
b{1 xy(11157 8184 11157 8112 11589 8112 11589 8184)}
b{1 xy(10704 454 10704 22 10776 22 10776 454)}
b{1 xy(10560 454 10560 22 10632 22 10632 454)}
b{1 xy(11157 1339 11157 1267 11589 1267 11589 1339)}
b{1 xy(9192 454 9192 22 9264 22 9264 454)}
b{1 xy(10632 454 10632 22 10704 22 10704 454)}
b{1 xy(8688 454 8688 22 8760 22 8760 454)}
b{1 xy(11157 979 11157 907 11589 907 11589 979)}
b{1 xy(10272 454 10272 22 10344 22 10344 454)}
b{1 xy(9696 454 9696 22 9768 22 9768 454)}
b{1 xy(10344 454 10344 22 10416 22 10416 454)}
b{1 xy(9120 454 9120 22 9192 22 9192 454)}
b{1 xy(8616 454 8616 22 8688 22 8688 454)}
b{1 xy(8328 454 8328 22 8400 22 8400 454)}
b{1 xy(8904 454 8904 22 8976 22 8976 454)}
b{1 xy(8976 454 8976 22 9048 22 9048 454)}
b{1 xy(7176 454 7176 22 7248 22 7248 454)}
b{1 xy(6672 454 6672 22 6744 22 6744 454)}
b{1 xy(7104 454 7104 22 7176 22 7176 454)}
b{1 xy(7392 454 7392 22 7464 22 7464 454)}
b{1 xy(6600 454 6600 22 6672 22 6672 454)}
b{1 xy(6816 454 6816 22 6888 22 6888 454)}
b{1 xy(6528 454 6528 22 6600 22 6600 454)}
b{1 xy(6456 454 6456 22 6528 22 6528 454)}
b{1 xy(7536 454 7536 22 7608 22 7608 454)}
b{1 xy(6960 454 6960 22 7032 22 7032 454)}
b{1 xy(7032 454 7032 22 7104 22 7104 454)}
b{1 xy(5587 454 5587 22 5659 22 5659 454)}
b{1 xy(4507 454 4507 22 4579 22 4579 454)}
b{1 xy(4579 454 4579 22 4651 22 4651 454)}
b{1 xy(4003 454 4003 22 4075 22 4075 454)}
b{1 xy(5083 454 5083 22 5155 22 5155 454)}
b{1 xy(11157 1051 11157 979 11589 979 11589 1051)}
b{1 xy(22 3283 22 3211 454 3211 454 3283)}
b{1 xy(11157 8400 11157 8328 11589 8328 11589 8400)}
b{1 xy(5227 454 5227 22 5299 22 5299 454)}
b{1 xy(8040 454 8040 22 8112 22 8112 454)}
b{1 xy(1555 11589 1555 11157 1627 11157 1627 11589)}
b{1 xy(1555 454 1555 22 1627 22 1627 454)}
b{1 xy(10416 11589 10416 11157 10488 11157 10488 11589)}
b{1 xy(11157 10488 11157 10416 11589 10416 11589 10488)}
b{1 xy(5083 11589 5083 11157 5155 11157 5155 11589)}
b{1 xy(9984 11589 9984 11157 10056 11157 10056 11589)}
b{1 xy(22 2779 22 2707 454 2707 454 2779)}
b{1 xy(10488 11589 10488 11157 10560 11157 10560 11589)}
b{1 xy(11157 8904 11157 8832 11589 8832 11589 8904)}
b{1 xy(9480 11589 9480 11157 9552 11157 9552 11589)}
b{1 xy(6168 454 6168 22 6240 22 6240 454)}
b{1 xy(6384 454 6384 22 6456 22 6456 454)}
b{1 xy(7680 454 7680 22 7752 22 7752 454)}
b{1 xy(10056 11589 10056 11157 10128 11157 10128 11589)}
b{1 xy(9552 11589 9552 11157 9624 11157 9624 11589)}
b{1 xy(22 6528 22 6456 454 6456 454 6528)}
b{1 xy(11157 5155 11157 5083 11589 5083 11589 5155)}
b{1 xy(5011 454 5011 22 5083 22 5083 454)}
b{1 xy(22 5515 22 5443 454 5443 454 5515)}
b{1 xy(11157 3715 11157 3643 11589 3643 11589 3715)}
b{1 xy(11157 6168 11157 6096 11589 6096 11589 6168)}
b{1 xy(11157 1627 11157 1555 11589 1555 11589 1627)}
b{1 xy(22 6960 22 6888 454 6888 454 6960)}
b{1 xy(11157 2131 11157 2059 11589 2059 11589 2131)}
b{1 xy(22 3571 22 3499 454 3499 454 3571)}
b{1 xy(4363 454 4363 22 4435 22 4435 454)}
b{1 xy(11157 1123 11157 1051 11589 1051 11589 1123)}
b{1 xy(11157 1555 11157 1483 11589 1483 11589 1555)}
b{1 xy(11157 1195 11157 1123 11589 1123 11589 1195)}
b{1 xy(10776 454 10776 22 10848 22 10848 454)}
b{1 xy(22 1195 22 1123 454 1123 454 1195)}
b{1 xy(11157 8112 11157 8040 11589 8040 11589 8112)}
b{1 xy(6096 11589 6096 11157 6168 11157 6168 11589)}
b{1 xy(2059 454 2059 22 2131 22 2131 454)}
b{1 xy(1987 11589 1987 11157 2059 11157 2059 11589)}
b{1 xy(6168 11589 6168 11157 6240 11157 6240 11589)}
b{1 xy(7824 454 7824 22 7896 22 7896 454)}
b{1 xy(6312 454 6312 22 6384 22 6384 454)}
b{1 xy(1123 11589 1123 11157 1195 11157 1195 11589)}
b{1 xy(22 10560 22 10488 454 10488 454 10560)}
b{1 xy(5952 454 5952 22 6024 22 6024 454)}
b{1 xy(6024 454 6024 22 6096 22 6096 454)}
b{1 xy(22 10056 22 9984 454 9984 454 10056)}
b{1 xy(10128 454 10128 22 10200 22 10200 454)}
b{1 xy(11157 10056 11157 9984 11589 9984 11589 10056)}
b{1 xy(5443 11589 5443 11157 5515 11157 5515 11589)}
b{1 xy(2059 11589 2059 11157 2131 11157 2131 11589)}
b{1 xy(1051 11589 1051 11157 1123 11157 1123 11589)}
b{1 xy(11157 10128 11157 10056 11589 10056 11589 10128)}
b{1 xy(22 10128 22 10056 454 10056 454 10128)}
b{1 xy(22 1555 22 1483 454 1483 454 1555)}
b{1 xy(22 9552 22 9480 454 9480 454 9552)}
b{1 xy(11157 10848 11157 10776 11589 10776 11589 10848)}
b{1 xy(11157 10776 11157 10704 11589 10704 11589 10776)}
b{1 xy(11157 9768 11157 9696 11589 9696 11589 9768)}
b{1 xy(11157 10344 11157 10272 11589 10272 11589 10344)}
b{1 xy(11157 10632 11157 10560 11589 10560 11589 10632)}
b{1 xy(11157 10704 11157 10632 11589 10632 11589 10704)}
b{1 xy(10776 11589 10776 11157 10848 11157 10848 11589)}
b{1 xy(10704 11589 10704 11157 10776 11157 10776 11589)}
b{1 xy(10632 11589 10632 11157 10704 11157 10704 11589)}
b{1 xy(10560 11589 10560 11157 10632 11157 10632 11589)}
b{1 xy(1411 454 1411 22 1483 22 1483 454)}
b{1 xy(8976 11589 8976 11157 9048 11157 9048 11589)}
b{1 xy(9048 11589 9048 11157 9120 11157 9120 11589)}
b{1 xy(9696 11589 9696 11157 9768 11157 9768 11589)}
b{1 xy(9624 11589 9624 11157 9696 11157 9696 11589)}
b{1 xy(9192 11589 9192 11157 9264 11157 9264 11589)}
b{1 xy(9120 11589 9120 11157 9192 11157 9192 11589)}
b{1 xy(8904 11589 8904 11157 8976 11157 8976 11589)}
b{1 xy(8688 11589 8688 11157 8760 11157 8760 11589)}
b{1 xy(8616 11589 8616 11157 8688 11157 8688 11589)}
b{1 xy(8544 11589 8544 11157 8616 11157 8616 11589)}
b{1 xy(9624 454 9624 22 9696 22 9696 454)}
b{1 xy(8040 11589 8040 11157 8112 11157 8112 11589)}
b{1 xy(8112 11589 8112 11157 8184 11157 8184 11589)}
b{1 xy(8472 11589 8472 11157 8544 11157 8544 11589)}
b{1 xy(8400 11589 8400 11157 8472 11157 8472 11589)}
b{1 xy(8328 11589 8328 11157 8400 11157 8400 11589)}
b{1 xy(8184 11589 8184 11157 8256 11157 8256 11589)}
b{1 xy(7968 11589 7968 11157 8040 11157 8040 11589)}
b{1 xy(7896 11589 7896 11157 7968 11157 7968 11589)}
b{1 xy(7824 11589 7824 11157 7896 11157 7896 11589)}
b{1 xy(7680 11589 7680 11157 7752 11157 7752 11589)}
b{1 xy(7176 11589 7176 11157 7248 11157 7248 11589)}
b{1 xy(7320 11589 7320 11157 7392 11157 7392 11589)}
b{1 xy(7608 11589 7608 11157 7680 11157 7680 11589)}
b{1 xy(7536 11589 7536 11157 7608 11157 7608 11589)}
b{1 xy(7464 11589 7464 11157 7536 11157 7536 11589)}
b{1 xy(7392 11589 7392 11157 7464 11157 7464 11589)}
b{1 xy(7104 11589 7104 11157 7176 11157 7176 11589)}
b{1 xy(7032 11589 7032 11157 7104 11157 7104 11589)}
b{1 xy(6960 11589 6960 11157 7032 11157 7032 11589)}
b{1 xy(6888 11589 6888 11157 6960 11157 6960 11589)}
b{1 xy(6456 11589 6456 11157 6528 11157 6528 11589)}
b{1 xy(6384 11589 6384 11157 6456 11157 6456 11589)}
b{1 xy(6816 11589 6816 11157 6888 11157 6888 11589)}
b{1 xy(6672 11589 6672 11157 6744 11157 6744 11589)}
b{1 xy(6600 11589 6600 11157 6672 11157 6672 11589)}
b{1 xy(6528 11589 6528 11157 6600 11157 6600 11589)}
b{1 xy(6024 11589 6024 11157 6096 11157 6096 11589)}
b{1 xy(5952 11589 5952 11157 6024 11157 6024 11589)}
b{1 xy(5587 11589 5587 11157 5659 11157 5659 11589)}
b{1 xy(5515 11589 5515 11157 5587 11157 5587 11589)}
b{1 xy(4363 11589 4363 11157 4435 11157 4435 11589)}
b{1 xy(4435 11589 4435 11157 4507 11157 4507 11589)}
b{1 xy(4939 11589 4939 11157 5011 11157 5011 11589)}
b{1 xy(4867 11589 4867 11157 4939 11157 4939 11589)}
b{1 xy(4723 11589 4723 11157 4795 11157 4795 11589)}
b{1 xy(4579 11589 4579 11157 4651 11157 4651 11589)}
b{1 xy(4147 11589 4147 11157 4219 11157 4219 11589)}
b{1 xy(4075 11589 4075 11157 4147 11157 4147 11589)}
b{1 xy(4003 11589 4003 11157 4075 11157 4075 11589)}
b{1 xy(3931 11589 3931 11157 4003 11157 4003 11589)}
b{1 xy(3427 11589 3427 11157 3499 11157 3499 11589)}
b{1 xy(3499 11589 3499 11157 3571 11157 3571 11589)}
b{1 xy(3859 11589 3859 11157 3931 11157 3931 11589)}
b{1 xy(3715 11589 3715 11157 3787 11157 3787 11589)}
b{1 xy(3643 11589 3643 11157 3715 11157 3715 11589)}
b{1 xy(3571 11589 3571 11157 3643 11157 3643 11589)}
b{1 xy(3355 11589 3355 11157 3427 11157 3427 11589)}
b{1 xy(3211 11589 3211 11157 3283 11157 3283 11589)}
b{1 xy(3139 11589 3139 11157 3211 11157 3211 11589)}
b{1 xy(3067 11589 3067 11157 3139 11157 3139 11589)}
b{1 xy(2491 11589 2491 11157 2563 11157 2563 11589)}
b{1 xy(2563 11589 2563 11157 2635 11157 2635 11589)}
b{1 xy(2995 11589 2995 11157 3067 11157 3067 11589)}
b{1 xy(2923 11589 2923 11157 2995 11157 2995 11589)}
b{1 xy(2851 11589 2851 11157 2923 11157 2923 11589)}
b{1 xy(2635 11589 2635 11157 2707 11157 2707 11589)}
b{1 xy(2419 11589 2419 11157 2491 11157 2491 11589)}
b{1 xy(2347 11589 2347 11157 2419 11157 2419 11589)}
b{1 xy(1915 11589 1915 11157 1987 11157 1987 11589)}
b{1 xy(1843 11589 1843 11157 1915 11157 1915 11589)}
b{1 xy(4075 454 4075 22 4147 22 4147 454)}
b{1 xy(4147 454 4147 22 4219 22 4219 454)}
b{1 xy(4435 454 4435 22 4507 22 4507 454)}
b{1 xy(4723 454 4723 22 4795 22 4795 454)}
b{1 xy(22 10848 22 10776 454 10776 454 10848)}
b{1 xy(22 10776 22 10704 454 10704 454 10776)}
b{1 xy(979 11589 979 11157 1051 11157 1051 11589)}
b{1 xy(907 11589 907 11157 979 11157 979 11589)}
b{1 xy(835 11589 835 11157 907 11157 907 11589)}
b{1 xy(763 11589 763 11157 835 11157 835 11589)}
b{1 xy(22 10704 22 10632 454 10632 454 10704)}
b{1 xy(22 10632 22 10560 454 10560 454 10632)}
b{1 xy(22 10344 22 10272 454 10272 454 10344)}
b{1 xy(22 9768 22 9696 454 9696 454 9768)}
b{1 xy(8112 454 8112 22 8184 22 8184 454)}
b{1 xy(7968 454 7968 22 8040 22 8040 454)}
b{1 xy(7464 454 7464 22 7536 22 7536 454)}
b{1 xy(8184 454 8184 22 8256 22 8256 454)}
b{1 xy(22 3067 22 2995 454 2995 454 3067)}
b{1 xy(11157 6672 11157 6600 11589 6600 11589 6672)}
b{1 xy(9048 454 9048 22 9120 22 9120 454)}
b{1 xy(22 3211 22 3139 454 3139 454 3211)}
b{1 xy(22 1627 22 1555 454 1555 454 1627)}
b{1 xy(8544 454 8544 22 8616 22 8616 454)}
b{1 xy(4219 454 4219 22 4291 22 4291 454)}
b{1 xy(5371 454 5371 22 5443 22 5443 454)}
b{1 xy(5155 11589 5155 11157 5227 11157 5227 11589)}
b{1 xy(7608 454 7608 22 7680 22 7680 454)}
b{1 xy(1483 11589 1483 11157 1555 11157 1555 11589)}
b{1 xy(5299 454 5299 22 5371 22 5371 454)}
b{1 xy(4651 11589 4651 11157 4723 11157 4723 11589)}
b{1 xy(5155 454 5155 22 5227 22 5227 454)}
b{1 xy(22 2275 22 2203 454 2203 454 2275)}
b{1 xy(11157 8616 11157 8544 11589 8544 11589 8616)}
b{1 xy(1123 454 1123 22 1195 22 1195 454)}
b{1 xy(22 9624 22 9552 454 9552 454 9624)}
b{1 xy(11157 8472 11157 8400 11589 8400 11589 8472)}
b{1 xy(9984 454 9984 22 10056 22 10056 454)}
b{1 xy(1915 454 1915 22 1987 22 1987 454)}
b{1 xy(6096 454 6096 22 6168 22 6168 454)}
b{1 xy(22 6024 22 5952 454 5952 454 6024)}
b{1 xy(22 6600 22 6528 454 6528 454 6600)}
b{1 xy(22 6096 22 6024 454 6024 454 6096)}
b{1 xy(22 5952 22 5880 454 5880 454 5952)}
b{1 xy(22 2131 22 2059 454 2059 454 2131)}
b{1 xy(11157 9624 11157 9552 11589 9552 11589 9624)}
b{1 xy(22 1123 22 1051 454 1051 454 1123)}
b{1 xy(22 3139 22 3067 454 3067 454 3139)}
b{1 xy(22 3787 22 3715 454 3715 454 3787)}
b{1 xy(22 3715 22 3643 454 3643 454 3715)}
b{1 xy(22 3931 22 3859 454 3859 454 3931)}
b{1 xy(11157 9336 11157 9264 11589 9264 11589 9336)}
b{1 xy(11157 835 11157 763 11589 763 11589 835)}
b{1 xy(11157 10560 11157 10488 11589 10488 11589 10560)}
b{1 xy(11157 9552 11157 9480 11589 9480 11589 9552)}
b{1 xy(8400 454 8400 22 8472 22 8472 454)}
b{1 xy(11157 907 11157 835 11589 835 11589 907)}
b{1 xy(22 10488 22 10416 454 10416 454 10488)}
b{1 xy(5443 454 5443 22 5515 22 5515 454)}
b{1 xy(11157 5659 11157 5587 11589 5587 11589 5659)}
b{1 xy(11157 5083 11157 5011 11589 5011 11589 5083)}
b{1 xy(11157 5587 11157 5515 11589 5515 11589 5587)}
b{1 xy(11157 5731 11157 5659 11589 5659 11589 5731)}
b{1 xy(11157 8544 11157 8472 11589 8472 11589 8544)}
b{1 xy(11157 7896 11157 7824 11589 7824 11589 7896)}
b{1 xy(11157 7968 11157 7896 11589 7896 11589 7968)}
b{1 xy(11157 7752 11157 7680 11589 7680 11589 7752)}
b{1 xy(5371 11589 5371 11157 5443 11157 5443 11589)}
b{1 xy(9480 454 9480 22 9552 22 9552 454)}
b{1 xy(11157 2059 11157 1987 11589 1987 11589 2059)}
b{1 xy(10416 454 10416 22 10488 22 10488 454)}
b{1 xy(10488 454 10488 22 10560 22 10560 454)}
b{1 xy(22 2059 22 1987 454 1987 454 2059)}
b{1 xy(11157 5515 11157 5443 11589 5443 11589 5515)}
b{1 xy(11157 5443 11157 5371 11589 5371 11589 5443)}
b{1 xy(11157 6240 11157 6168 11589 6168 11589 6240)}
b{1 xy(22 5443 22 5371 454 5371 454 5443)}
b{1 xy(22 6240 22 6168 454 6168 454 6240)}
b{1 xy(1051 454 1051 22 1123 22 1123 454)}
b{1 xy(11157 10200 11157 10128 11589 10128 11589 10200)}
b{1 xy(22 10416 22 10344 454 10344 454 10416)}
b{1 xy(22 6168 22 6096 454 6096 454 6168)}
b{1 xy(8472 454 8472 22 8544 22 8544 454)}
b{1 xy(22 3643 22 3571 454 3571 454 3643)}
b{1 xy(1195 11589 1195 11157 1267 11157 1267 11589)}
b{1 xy(1411 11589 1411 11157 1483 11157 1483 11589)}
b{1 xy(1339 11589 1339 11157 1411 11157 1411 11589)}
b{1 xy(2131 11589 2131 11157 2203 11157 2203 11589)}
b{1 xy(22 10200 22 10128 454 10128 454 10200)}
b{1 xy(2707 11589 2707 11157 2779 11157 2779 11589)}
b{1 xy(4219 11589 4219 11157 4291 11157 4291 11589)}
b{1 xy(5011 11589 5011 11157 5083 11157 5083 11589)}
b{1 xy(4507 11589 4507 11157 4579 11157 4579 11589)}
b{1 xy(8832 11589 8832 11157 8904 11157 8904 11589)}
b{1 xy(9408 11589 9408 11157 9480 11157 9480 11589)}
b{1 xy(10200 11589 10200 11157 10272 11157 10272 11589)}
b{1 xy(11157 10416 11157 10344 11589 10344 11589 10416)}
b{1 xy(10128 11589 10128 11157 10200 11157 10200 11589)}
b{1 xy(10272 11589 10272 11157 10344 11157 10344 11589)}
b{1 xy(10344 11589 10344 11157 10416 11157 10416 11589)}
b{1 xy(1267 11589 1267 11157 1339 11157 1339 11589)}
b{1 xy(7320 454 7320 22 7392 22 7392 454)}
b{1 xy(5515 454 5515 22 5587 22 5587 454)}
b{1 xy(4651 454 4651 22 4723 22 4723 454)}
b{1 xy(6888 454 6888 22 6960 22 6960 454)}
b{1 xy(11157 8040 11157 7968 11589 7968 11589 8040)}
b{1 xy(5299 11589 5299 11157 5371 11157 5371 11589)}
b{1 xy(6240 11589 6240 11157 6312 11157 6312 11589)}
b{1 xy(6312 11589 6312 11157 6384 11157 6384 11589)}
b{1 xy(5227 11589 5227 11157 5299 11157 5299 11589)}
b{1 xy(22 7464 22 7392 454 7392 454 7464)}
b{1 xy(11157 3787 11157 3715 11589 3715 11589 3787)}
b{1 xy(22 5371 22 5299 454 5299 454 5371)}
b{1 xy(22 6816 22 6744 454 6744 454 6816)}
b{1 xy(22 6312 22 6240 454 6240 454 6312)}
b{1 xy(22 7320 22 7248 454 7248 454 7320)}
b{1 xy(22 8832 22 8760 454 8760 454 8832)}
b{1 xy(22 7392 22 7320 454 7320 454 7392)}
b{1 xy(22 9336 22 9264 454 9264 454 9336)}
b{1 xy(22 4867 22 4795 454 4795 454 4867)}
b{1 xy(6188 4323 6188 3315 6980 3315 6980 4323)}
b{1 xy(6188 5379 6188 4371 6980 4371 6980 5379)}
b{1 xy(8858 6519 8858 4347 8998 4347 8998 6519)}
b{1 xy(8384 6483 8384 4347 8492 4347 8492 6483)}
b{1 xy(9116 6519 9116 4347 9256 4347 9256 6519)}
b{1 xy(8642 6483 8642 4347 8750 4347 8750 6483)}
b{1 xy(7790 6519 7790 4347 7930 4347 7930 6519)}
b{1 xy(7197 6483 7197 4347 7305 4347 7305 6483)}
b{1 xy(8111 6519 8111 4347 8251 4347 8251 6519)}
b{1 xy(7463 6483 7463 4347 7571 4347 7571 6483)}
b{1 xy(5655 1527 5655 507 5735 507 5735 1527)}
b{1 xy(5863 2643 5863 507 6374 507 6374 2643)}
b{1 xy(6496 2643 6496 507 7007 507 7007 2643)}
b{1 xy(7131 2643 7131 507 7642 507 7642 2643)}
b{1 xy(7764 2643 7764 507 8275 507 8275 2643)}
b{1 xy(2143 2643 2143 507 2654 507 2654 2643)}
b{1 xy(2774 2643 2774 507 3285 507 3285 2643)}
b{1 xy(3409 2643 3409 507 3920 507 3920 2643)}
b{1 xy(4041 2643 4041 507 4552 507 4552 2643)}
b{1 xy(5259 2643 5259 507 5535 507 5535 2643)}
b{1 xy(4843 2643 4843 507 5119 507 5119 2643)}
b{1 xy(1789 5619 1789 3483 1869 3483 1869 5619)}
b{1 xy(3934 4503 3934 3483 4014 3483 4014 4503)}
b{1 xy(4908 5307 4908 3171 5072 3171 5072 5307)}
b{1 xy(5215 5307 5215 3171 5379 3171 5379 5307)}
b{1 xy(4268 5307 4268 3171 4432 3171 4432 5307)}
b{1 xy(3090 5619 3090 3483 3254 3483 3254 5619)}
b{1 xy(2712 5619 2712 3483 2876 3483 2876 5619)}
b{1 xy(4604 5307 4604 3171 4768 3171 4768 5307)}
b{1 xy(2392 5619 2392 3483 2472 3483 2472 5619)}
b{1 xy(8246 4323 8246 3267 8966 3267 8966 4323)}
b{1 xy(7334 4323 7334 3267 8054 3267 8054 4323)}
b{1 xy(9586 1275 9586 459 10634 459 10634 1275)}
b{1 xy(977 1275 977 459 2025 459 2025 1275)}
b{1 xy(4797 5475 4797 5451 7101 5451 7101 5475)}
