5336 7673
49                        
1708  3234
672   1554
2184  1008
3080  1610
532   1386
1862  882 
350   868 
644   1246
980   462 
294   616 
826   378 
798   406 
266   672 
406   924 
406   840 
322   798 
392   756 
1078  392 
392   826 
798   252 
392   826 
952   364 
1134  490 
798   266 
784   322 
350   728 
364   840 
518   1064
490   994 
1302  728 
392   1050
784   378 
1890  952 
560   1148
854   392 
994   448 
1218  560 
448   966 
364   784 
392   868 
364   854 
168   378 
910   532 
630   1302
672   1162 
1204  504
434   812
1302  728
392   742
